825.0   1       135.00  3       2
997.5   1       133.00  3       2
1005.0  1       134.00  3       2
384.00  1       64.00   3       2
270.00  1       45.00   2       1
459.6   1       76.00   1       1
388.8   1       64.8    1       1
713.4   1       118.9   1       1
218.4   1       39.0    1       1
1145.5  1       145.0   3       2
1864.4  1       236.00  4       2
539.0   1       77.00   2       2
679.0   1       97.00   3       2
756.00  1       108.00  3       2
784.00  1       112.00  3       2
487.5   1       75.0    1       2
780.0   1       120.00  2       2
780.0   1       120.00  2       2
780.0   1       120.00  3       2
995.5   1       147.0   3       2
1072.5  1       165.00  3       2
1072.5  1       165.00  3       2